5.187991009078212201e-01
5.220408519553072502e-01
5.284708886173183906e-01
5.300912185754189654e-01
5.354072101955307250e-01
5.355774266759776303e-01
5.355665153631284925e-01
5.369369762569832227e-01
5.371126483938547524e-01
5.368262221763885345e-01
5.383259863826815872e-01
5.384001833100559020e-01
5.391039629888267903e-01
5.396004277234637270e-01
5.395458711592179268e-01
5.395491445530726793e-01
5.409086941340781607e-01
5.418634340083798850e-01
5.422322363826815872e-01
5.424254101964275376e-01
5.436474336592178602e-01
5.446076291899440980e-01
5.446981930865921750e-01
5.442257332402234971e-01
5.454739874301676172e-01
5.451913844273742482e-01
5.451957489525139922e-01
5.450462639664804820e-01
5.462115921787709105e-01
5.454638218420438944e-01
5.468379015363128426e-01
5.476387918994413129e-01
5.472448935055865826e-01
5.478166462988827146e-01
5.481810841480446728e-01
5.484909654329609419e-01
5.476202426675977897e-01
5.484124039804468831e-01
5.494620722765363174e-01
5.494857279324363297e-01
5.499879975558659151e-01
5.505499301675977897e-01
5.494326117318435454e-01
5.502804207402234304e-01
5.506579521648045095e-01
5.506972328910614278e-01
5.503469797486033599e-01
5.510289368016759726e-01
5.510682175279330020e-01
5.512138991863917425e-01
5.532057437150837975e-01
5.535789106145251326e-01
5.521320705307262156e-01
5.522870111731843501e-01
5.532068348463686780e-01
5.524430429469273651e-01
5.530464385474860300e-01
5.532941253491620026e-01
5.531861033519552828e-01
5.536346415835780022e-01
5.556356930865922195e-01
5.557655377094972149e-01
5.550813983938547302e-01
5.561146997206704023e-01
5.552930778631285369e-01
5.558910178072625774e-01
5.547780638966480771e-01
5.556313285614524755e-01
5.562150837988827368e-01
5.559088367952844667e-01
5.586668557960894343e-01
5.581245635474860745e-01
5.570923533519552828e-01
5.578932437150837531e-01
5.576171875000000000e-01
5.578234113128491822e-01
5.585817475558658707e-01
5.588796263966480105e-01
5.580274528631284925e-01
5.578432596436189161e-01
5.609320443435754644e-01
5.604672224162011718e-01
5.605817912011172854e-01
5.595910439944133952e-01
5.599587552374302168e-01
5.601115136173184794e-01
5.600558659217876878e-01
5.602817300977653847e-01
5.606527147346368478e-01
5.613723329769161330e-01
5.618813285614525643e-01
5.624050715782122900e-01
5.626669430865921528e-01
5.616816515363128870e-01
5.613357629189944520e-01
5.629048097067038681e-01
5.615408956005586427e-01
5.616205481843575820e-01
5.619413407821228779e-01
5.614602612882040322e-01
