7.216456678992543283e-01
6.934224249264381301e-01
6.909990122198392815e-01
6.907290497305672572e-01
6.889543679173432134e-01
6.886165849989352994e-01
6.885783828170606302e-01
6.881240829409167592e-01
6.881188121587870077e-01
6.878311893532744747e-01
6.876728793762250103e-01
6.875784806033086172e-01
6.872486763160321477e-01
6.872865168741961739e-01
6.873597524685566285e-01
6.870839205534098326e-01
6.868808306129284835e-01
6.864282887075200401e-01
6.865535837977958522e-01
6.864204084848418708e-01
6.860403399893691967e-01
6.858278011476527380e-01
6.857755688315663178e-01
6.858166302382613377e-01
6.854788108244954659e-01
6.855860092120463767e-01
6.855517428680505398e-01
6.853414957749777159e-01
6.852824276386026980e-01
6.852942494426744746e-01
6.848302019374996608e-01
6.846487510803691556e-01
6.847036620758099046e-01
6.847933279069442492e-01
6.846385418369783649e-01
6.844199792632843504e-01
6.846358383834029171e-01
6.845102721752400754e-01
6.841548190436549381e-01
6.841893825125008322e-01
6.838972611800252510e-01
6.837616712687402121e-01
6.839997651190731220e-01
6.837438855757260736e-01
6.837565942183553291e-01
6.836879398569714050e-01
6.837000244822581951e-01
6.835487255171024401e-01
6.834922669986106536e-01
6.834044742177635134e-01
6.827826865558517255e-01
6.827882012175447990e-01
6.828378187877506278e-01
6.830836450587437492e-01
6.828466976155116441e-01
6.828692230432392707e-01
6.828426791302985022e-01
6.829885500103402007e-01
6.827384302735994837e-01
6.823483639953935587e-01
6.817435259925586077e-01
6.818197592010710739e-01
6.819203859600940776e-01
6.817672786765924808e-01
6.821117050820888483e-01
6.818845060950551318e-01
6.820515069215656867e-01
6.819465235624899702e-01
6.818796572072546303e-01
6.817362490043682444e-01
6.808527687408404416e-01
6.809717574599069012e-01
6.812235431964170917e-01
6.809392420939227586e-01
6.809312972942543896e-01
6.811275969670471664e-01
6.809043895598896334e-01
6.805347938111374617e-01
6.808182338096575581e-01
6.809733679525433736e-01
6.798690505533910855e-01
6.800890494991280733e-01
6.800431523243142262e-01
6.801773168521220159e-01
6.800681139503776951e-01
6.799706693468147156e-01
6.800894261072467639e-01
6.798191548059772105e-01
6.798221877167345273e-01
6.797515510148172124e-01
6.793392525704878837e-01
6.792164166546400539e-01
6.792251690805957143e-01
6.794040635311403564e-01
6.793830998117030839e-01
6.789821255806438582e-01
6.794426730225205935e-01
6.792401448974396683e-01
6.791618626210942367e-01
6.793413953060829513e-01
