5.188045565642458445e-01
5.242263879189944520e-01
5.261456878491620470e-01
5.280529853351955127e-01
5.323836854050278955e-01
5.336297573324022547e-01
5.347885387569832893e-01
5.371235597067038903e-01
5.373035963687150529e-01
5.364224032652884500e-01
5.380597503491619804e-01
5.387122468575419321e-01
5.391847067039106101e-01
5.399048533519552606e-01
5.409283344972066754e-01
5.411967527932960431e-01
5.413200506284916447e-01
5.416244762569832893e-01
5.417543208798882848e-01
5.431190668743656191e-01
5.429534741620111182e-01
5.444996071927373782e-01
5.454587115921787355e-01
5.443468488128491156e-01
5.452666724860335545e-01
5.458449720670390803e-01
5.452197538407821398e-01
5.453332314944133730e-01
5.454587115921787355e-01
5.455560922921608435e-01
5.474358414804468831e-01
5.470681302374301724e-01
5.466404067737430372e-01
5.481057960893854775e-01
5.480632419692736956e-01
5.475842353351955127e-01
5.484920565642458223e-01
5.485607978351955127e-01
5.471466916899441202e-01
5.489473027176361430e-01
5.491860160614525643e-01
5.497021211592179046e-01
5.496846630586592619e-01
5.501058397346368922e-01
5.497337639664804376e-01
5.507463337988827146e-01
5.499367143854748674e-01
5.507245111731843279e-01
5.514664804469273651e-01
5.500415217025526049e-01
5.518669256284916003e-01
5.520164106145251104e-01
5.522488215782123122e-01
5.520993365921788021e-01
5.521877182262570072e-01
5.517359898743017244e-01
5.528205743715083331e-01
5.517676326815642573e-01
5.530966305865921973e-01
5.524926590715422137e-01
5.546231232541899425e-01
5.550432087988826924e-01
5.544092615223463749e-01
5.538113215782123344e-01
5.544234462290502652e-01
5.540524615921788021e-01
5.544769116620111848e-01
5.542095844972066976e-01
5.541528456703910255e-01
5.559066657258698863e-01
5.567922922486033821e-01
5.569035876396648543e-01
5.561758030726257074e-01
5.569625087290502874e-01
5.560906948324022547e-01
5.565151449022346375e-01
5.562074458798882404e-01
5.558932000698324494e-01
5.563274703212290895e-01
5.570844708832453085e-01
5.587868802374301724e-01
5.586537622206704246e-01
5.584366270949721045e-01
5.586068435754190098e-01
5.589865572625698498e-01
5.585686539804469719e-01
5.584966393156424180e-01
5.580689158519552828e-01
5.576619238826815428e-01
5.585369163215571087e-01
5.597623516061452920e-01
5.603570181564245800e-01
5.590214734636871352e-01
5.601398830307262600e-01
5.601191515363128648e-01
5.601758903631285369e-01
5.602239001396648321e-01
5.608196578212290007e-01
5.590465694832402743e-01
5.594259692468017686e-01
