7.307003810419050449e-01
6.925798112453694921e-01
6.916917883484057228e-01
6.910943667981878091e-01
6.897368062807861522e-01
6.893751816376627595e-01
6.889507355636724784e-01
6.881724029945928134e-01
6.880442287668835366e-01
6.881748238560271291e-01
6.877346168683228234e-01
6.876267933312740777e-01
6.874824178285439125e-01
6.871047090551706260e-01
6.870161062512317729e-01
6.869552563022635061e-01
6.868184099650249674e-01
6.865856944515718041e-01
6.866662520936080982e-01
6.862409736415215900e-01
6.861397637335281408e-01
6.858527796894478001e-01
6.857505627850580820e-01
6.857687380060802917e-01
6.855751624986445858e-01
6.853867928409043131e-01
6.854848128457309286e-01
6.855847760285744830e-01
6.853941651029960003e-01
6.854005412856626345e-01
6.847808698702124719e-01
6.848743039136492294e-01
6.849384973169039270e-01
6.847193603409069684e-01
6.844513902451072607e-01
6.846846257508134581e-01
6.846467678107363009e-01
6.846748324079886538e-01
6.849105772359410649e-01
6.845894181685853175e-01
6.840843075480540492e-01
6.841127148553646231e-01
6.840007022772421896e-01
6.839564862198004302e-01
6.840888319068780810e-01
6.838075111032198006e-01
6.838169515465890580e-01
6.837344930158647527e-01
6.836686398729932002e-01
6.839366536173803190e-01
6.833430186996246603e-01
6.832782957806933233e-01
6.831170668149127989e-01
6.832456596736801169e-01
6.832311453100022858e-01
6.831305366654635280e-01
6.827494963587329435e-01
6.831180497920712469e-01
6.828559136923465500e-01
6.831051798737618475e-01
6.822913751255866854e-01
6.824657925680363002e-01
6.823783052034217977e-01
6.823303800721408630e-01
6.824276159595510372e-01
6.820865208210226127e-01
6.824827908137657273e-01
6.824305633592872011e-01
6.823726931097787718e-01
6.819435807473902544e-01
6.814559435045253188e-01
6.814305142317403918e-01
6.816753150364540659e-01
6.815021836557867418e-01
6.816740109933820957e-01
6.813925292238842690e-01
6.814643287125912163e-01
6.815180408888023011e-01
6.816703807708270890e-01
6.813952021445444096e-01
6.806146445887049090e-01
6.807619008272053351e-01
6.808482602987875332e-01
6.807885877912936978e-01
6.807653431785839482e-01
6.805861650232496451e-01
6.805661453215103851e-01
6.807541865210293697e-01
6.809712611763171219e-01
6.807345429980767859e-01
6.803162868462461210e-01
6.801130114986909669e-01
6.803255196390205484e-01
6.800050061508263743e-01
6.800878313666615105e-01
6.800589917758323999e-01
6.802058196600588857e-01
6.798742744509733704e-01
6.803725940555167551e-01
6.801844164008085114e-01
