5.185328648743017244e-01
5.233643942039105657e-01
5.268134601955307694e-01
5.285865485335196068e-01
5.322592964385475245e-01
5.333362430167597479e-01
5.351442475558658707e-01
5.364568784916201594e-01
5.371813896648044429e-01
5.372137580668797652e-01
5.380117405726256852e-01
5.389926675977653181e-01
5.394007506983240496e-01
5.390810492318435232e-01
5.391148743016759282e-01
5.398186539804469275e-01
5.397302723463687224e-01
5.398295652932960653e-01
5.417237692039106323e-01
5.415862918677167848e-01
5.427876222067039569e-01
5.413615136173184350e-01
5.419638180865922195e-01
5.431706092877095493e-01
5.430364001396648099e-01
5.432338949022346153e-01
5.438885736731843279e-01
5.446829172486034043e-01
5.442431913407821398e-01
5.457091526858842689e-01
5.458351518854748230e-01
5.453692388268156499e-01
5.455918296089385944e-01
5.464974685754190320e-01
5.470964996508379530e-01
5.465967615223463749e-01
5.471728788407821398e-01
5.470637657122905395e-01
5.464734636871508844e-01
5.469575175992313909e-01
5.477435405027932802e-01
5.476191515363127982e-01
5.491085457402234971e-01
5.496432000698323606e-01
5.498385125698324050e-01
5.487593837290503096e-01
5.485913495111731653e-01
5.491238215782122678e-01
5.496115572625698276e-01
5.500208965431147012e-01
5.509274615921787577e-01
5.516770687849161803e-01
5.515777758379888374e-01
5.514577513966480993e-01
5.512504364525139255e-01
5.523797573324021881e-01
5.514970321229050176e-01
5.522739175977653403e-01
5.515614088687150751e-01
5.520768992786622142e-01
5.538015013966480771e-01
5.534272433659217505e-01
5.541212028631284925e-01
5.533530464385474357e-01
5.543492493016759504e-01
5.545543819832402521e-01
5.538920652932960431e-01
5.543470670391061894e-01
5.534141497905027407e-01
5.547961637203445706e-01
5.565326030027932802e-01
5.544190817039106323e-01
5.554480185055865604e-01
5.564780464385474801e-01
5.568162971368715297e-01
5.575004364525140144e-01
5.563634776536312554e-01
5.568501222067039347e-01
5.569745111731843057e-01
5.573775652542051207e-01
5.575920914804469719e-01
5.582063983938547747e-01
5.586122992318435232e-01
5.585773830307262378e-01
5.578004975558659151e-01
5.594415590083798850e-01
5.588730796089385056e-01
5.594230097765363618e-01
5.599402060055865826e-01
5.587898459083483482e-01
5.609451379189943632e-01
5.598758292597765251e-01
5.603362866620111848e-01
5.604333973463687668e-01
5.611862779329609419e-01
5.598780115223463971e-01
5.607530988128491822e-01
5.592789804469273651e-01
5.603275576117318080e-01
5.607405517772916514e-01
