7.334787083737677182e-01
6.926255364657780689e-01
6.920078786391785641e-01
6.916848791378170658e-01
6.898602725407264602e-01
6.892928784785989915e-01
6.886938073115641545e-01
6.881955300629472028e-01
6.880978827369945705e-01
6.879967787273787438e-01
6.877460256635143931e-01
6.876226562361477113e-01
6.874632805419367276e-01
6.872630560198309535e-01
6.872579490006303082e-01
6.872751726118545568e-01
6.871354874285905412e-01
6.870927969170682603e-01
6.866281324258729502e-01
6.866195160828193478e-01
6.861145539656697823e-01
6.865044131625297474e-01
6.865198122056502816e-01
6.860368602102695501e-01
6.862140218638841382e-01
6.859061553491559993e-01
6.859211136508920337e-01
6.857609471795279577e-01
6.858950500381725268e-01
6.854296744709948985e-01
6.852370523207680364e-01
6.853630533431495087e-01
6.851851924171661334e-01
6.851841438415996466e-01
6.849432218674175177e-01
6.850174374420550105e-01
6.850546829527316417e-01
6.849735647606449707e-01
6.849719884675308235e-01
6.849230827720154124e-01
6.845214498109657431e-01
6.845554176655561651e-01
6.841764046493189477e-01
6.840024471282959428e-01
6.840937268800575399e-01
6.842601271314994182e-01
6.842746036678719612e-01
6.841364179909562582e-01
6.840441610560070718e-01
6.839026104230772063e-01
6.835412361768370415e-01
6.834914768874311708e-01
6.832649032496873609e-01
6.833138861469716385e-01
6.833740778475499988e-01
6.832024589597179842e-01
6.832258008711831199e-01
6.832299297748331002e-01
6.834071082775818873e-01
6.833207986595923877e-01
6.826576645813841049e-01
6.824147490149770068e-01
6.824864878334813145e-01
6.826744724918344387e-01
6.825738842926878380e-01
6.824988997182366290e-01
6.825799096895995843e-01
6.823843099551494262e-01
6.824813783501779696e-01
6.821451998332943578e-01
6.817214179971364807e-01
6.821107489436698534e-01
6.818119298146423368e-01
6.814912471025349472e-01
6.816005744747609674e-01
6.813363691282006140e-01
6.815770023361931162e-01
6.814341410578296232e-01
6.812675582630007831e-01
6.811869109934282074e-01
6.810238754283116647e-01
6.805475611260483060e-01
6.808653737579644094e-01
6.805472679644323231e-01
6.807800797110828972e-01
6.804805481900050301e-01
6.807001354974074880e-01
6.804509613101042964e-01
6.802925733880623715e-01
6.806201053553045943e-01
6.798613406426413652e-01
6.802388434303539011e-01
6.799323238474030973e-01
6.797501743172800204e-01
6.797551664560200768e-01
6.799375106502512089e-01
6.798505143746317314e-01
6.802713169065933707e-01
6.799226912706257675e-01
6.798971185199398359e-01
