5.179796613128491156e-01
5.236011696927374004e-01
5.267043470670390581e-01
5.307186190642457779e-01
5.318719448324021881e-01
5.343477217178771443e-01
5.366892894553072502e-01
5.367340258379887930e-01
5.375130935754189876e-01
5.371844486297837618e-01
5.394858589385475023e-01
5.387329783519553272e-01
5.397324546089385944e-01
5.395873341480447172e-01
5.405748079608938550e-01
5.407624825418994030e-01
5.399277671089385278e-01
5.409468837290503096e-01
5.423086155726256630e-01
5.419000113981143896e-01
5.422878840782122678e-01
5.432295303770949824e-01
5.431913407821229445e-01
5.437652758379888374e-01
5.449044168994413573e-01
5.447516585195530947e-01
5.446938285614525421e-01
5.454521648044692306e-01
5.453179556564246022e-01
5.447517110740822677e-01
5.476824371508379752e-01
5.480763355446927054e-01
5.472776274441341071e-01
5.471346892458101019e-01
5.479759514664804820e-01
5.482585544692737400e-01
5.482323673184357204e-01
5.486873690642457557e-01
5.490943610335196068e-01
5.488409203163248096e-01
5.509951117318435676e-01
5.503622555865921306e-01
5.505826641061452031e-01
5.508576291899441868e-01
5.497599511173184572e-01
5.514326553770949602e-01
5.511205918296089301e-01
5.512264315642457779e-01
5.510234811452513481e-01
5.518891017743065008e-01
5.536411050977653181e-01
5.537273044692737622e-01
5.525576117318435898e-01
5.536116445530726571e-01
5.534992580307263044e-01
5.532897608240223697e-01
5.544310841480446506e-01
5.538571490921787577e-01
5.542128578910614500e-01
5.537366818460602857e-01
5.566580831005586427e-01
5.567791986731843723e-01
5.568250261871507956e-01
5.570181564245809680e-01
5.558735597067039347e-01
5.576782908519553050e-01
5.569526885474860300e-01
5.570028805865921973e-01
5.575058921089385278e-01
5.578324042965463470e-01
5.608229312150837531e-01
5.608054731145251104e-01
5.592702513966480993e-01
5.600755062849162025e-01
5.596357803770949380e-01
5.599271124301675728e-01
5.604475820530726571e-01
5.608185666899441202e-01
5.607749214385474579e-01
5.608273945538724270e-01
5.636195006983240052e-01
5.633958187849161803e-01
5.638551850558659595e-01
5.636042248603352345e-01
5.640690467877095271e-01
5.636565991620111626e-01
5.632987081005587093e-01
5.639915764664804598e-01
5.633685405027932802e-01
5.636367583762571520e-01
5.661421962290502652e-01
5.665055429469273429e-01
5.659337901536313220e-01
5.658683222765362730e-01
5.650925279329609419e-01
5.653565817039105657e-01
5.660188983938547747e-01
5.660756372206703357e-01
5.653914979050279621e-01
5.670214555934889322e-01
