7.357289223697598413e-01
6.930646458817594224e-01
6.917782818804906197e-01
6.904739888020733352e-01
6.903391182089650968e-01
6.892512175623930482e-01
6.883844671968640805e-01
6.883629025027738768e-01
6.882323527469315083e-01
6.880392876930816470e-01
6.873704246968530551e-01
6.875445774813604416e-01
6.873470860486590173e-01
6.873917667559404920e-01
6.871110799592300422e-01
6.869470739497818279e-01
6.869855557740067731e-01
6.868298026436534531e-01
6.865670932737808485e-01
6.865677317086850140e-01
6.864191899752484227e-01
6.862101739345316531e-01
6.859345936242428055e-01
6.858803678491262046e-01
6.857914008241792203e-01
6.856701463960402920e-01
6.857213098243628568e-01
6.855635728250002447e-01
6.853767583490083526e-01
6.855536994285965635e-01
6.848588259526471322e-01
6.847015404168453889e-01
6.849310290880042951e-01
6.848079462291142283e-01
6.846596014566261879e-01
6.845305442810059038e-01
6.846550567190073933e-01
6.844564686940368681e-01
6.844252507113877115e-01
6.843483890377130008e-01
6.837421186143459728e-01
6.837849761520684577e-01
6.837864689320825029e-01
6.836544545003155893e-01
6.839920342967497069e-01
6.834113627172715422e-01
6.836086102704096445e-01
6.834786858638571827e-01
6.837322107906448343e-01
6.833659540587120329e-01
6.825619530411406455e-01
6.826689554992334541e-01
6.828992838300139701e-01
6.826590051198139220e-01
6.826498236070132064e-01
6.826321569900939412e-01
6.822682061008901178e-01
6.827286212137957389e-01
6.825895583829399982e-01
6.825281495955862754e-01
6.817807920818221845e-01
6.814977625228839653e-01
6.814724583199570640e-01
6.815985523788622436e-01
6.816918202618647005e-01
6.812028891547432519e-01
6.814411230593420132e-01
6.814676886830249858e-01
6.812271126155746703e-01
6.809147370056294335e-01
6.799984248656800734e-01
6.801825570660596787e-01
6.801224895029760464e-01
6.800039360643098663e-01
6.802325299998235320e-01
6.801643200426794600e-01
6.799727503813844942e-01
6.799250441556535796e-01
6.797623119540721071e-01
6.799975186612746691e-01
6.785895909011030458e-01
6.788053111657084138e-01
6.784866390281549808e-01
6.787389947715418703e-01
6.785137276409725082e-01
6.785340837260198654e-01
6.786856739214678358e-01
6.785988412755827870e-01
6.786971251391831217e-01
6.784150320130635237e-01
6.775610315733116007e-01
6.773457661021354825e-01
6.773912411828281188e-01
6.777468745934897010e-01
6.778168323319717636e-01
6.778767099593604462e-01
6.776102784625644970e-01
6.775390627663894216e-01
6.778865677684379198e-01
6.773722640802553041e-01
