7.269482200372152647e-01
6.933302337896890544e-01
6.920325766062603856e-01
6.906753977583773851e-01
6.893911249144782927e-01
6.889692247246896883e-01
6.884670533281465055e-01
6.883466041953869574e-01
6.878619707496472779e-01
6.879684638712028066e-01
6.873588396184271421e-01
6.873244114428259666e-01
6.873155956827728952e-01
6.872530598880192132e-01
6.871296480381289262e-01
6.870643622382393012e-01
6.869751619227105754e-01
6.878166961270337776e-01
6.887555321501620531e-01
6.874426475864173769e-01
6.869536608957045321e-01
6.868428798361198018e-01
6.865755593976494708e-01
6.862566131453274876e-01
6.862354119396743002e-01
6.862301759213708108e-01
6.861185488754144579e-01
6.858979185866244110e-01
6.859808367723859712e-01
6.857023874502795602e-01
6.855690400693669195e-01
6.854959986063354771e-01
6.852798079645167073e-01
6.852685565389068367e-01
6.852595758171721174e-01
6.848629693079261171e-01
6.851514022443547791e-01
6.850055011291077411e-01
6.848732247698906539e-01
6.847267875985662000e-01
6.846400649853924270e-01
6.843418909850733645e-01
6.842964702478334660e-01
6.841499232047096868e-01
6.842215855028376259e-01
6.842724793450126741e-01
6.841503590844862925e-01
6.841466928327549768e-01
6.840443240197676689e-01
6.842639254250716396e-01
6.836411807124175288e-01
6.836945262035177828e-01
6.834792611985233135e-01
6.834486589751429531e-01
6.833551641283088784e-01
6.833660946877975206e-01
6.835564652634732452e-01
6.833820420270525497e-01
6.834877721424209573e-01
6.832956977638555696e-01
6.825661935619802279e-01
6.826348286101272533e-01
6.827686762676559162e-01
6.825710423831833351e-01
6.828685018603362078e-01
6.828347365283433668e-01
6.827005946436407458e-01
6.824729504531987789e-01
6.827131254712962560e-01
6.826740931303441062e-01
6.820987374422936567e-01
6.820393864002973761e-01
6.819905947706552674e-01
6.817686092920143270e-01
6.821165236680867272e-01
6.817903888292152770e-01
6.820846189999713038e-01
6.816863361017664324e-01
6.821866965826662854e-01
6.818437310840549381e-01
6.813499810975357507e-01
6.811558764074101546e-01
6.815711550872418645e-01
6.813924698190315654e-01
6.813836628498312065e-01
6.811056789073197670e-01
6.814708886865796789e-01
6.811213644523194111e-01
6.810476804578770027e-01
6.813021962290595201e-01
6.807278272825912913e-01
6.810570320603567263e-01
6.809592883014146114e-01
6.810262861864526673e-01
6.808257382675255709e-01
6.806809781649925117e-01
6.805728239054120721e-01
6.807396579055147168e-01
6.808445616141377554e-01
6.807384713999671266e-01
