5.183681040502793325e-01
5.223540066340781607e-01
5.262929905726256852e-01
5.308091829608938550e-01
5.341207664106145669e-01
5.347034305167597257e-01
5.361448149441341293e-01
5.361273568435753756e-01
5.372272171787709771e-01
5.372539228510483378e-01
5.397531861033519895e-01
5.390123079608938328e-01
5.390123079608938328e-01
5.395644203910614500e-01
5.411312849162011052e-01
5.403718575418994252e-01
5.409817999301675950e-01
5.382714298184357871e-01
5.349423882681564324e-01
5.390363708403667076e-01
5.412262133379888152e-01
5.408617754888268570e-01
5.424406424581005304e-01
5.429665677374301280e-01
5.432437150837988726e-01
5.431095059357542443e-01
5.435143156424581123e-01
5.436277932960893455e-01
5.431869762569832005e-01
5.442100292551603768e-01
5.452612168296089301e-01
5.452972241620112070e-01
5.459846368715083331e-01
5.457871421089385278e-01
5.461024790502793103e-01
5.472710806564246022e-01
5.458427898044693194e-01
5.467156948324022325e-01
5.467266061452513704e-01
5.479464397175438650e-01
5.476693435754189654e-01
5.482465520251396107e-01
5.489416026536312332e-01
5.490823585893854775e-01
5.490910876396648543e-01
5.489885212988826479e-01
5.496519291201117374e-01
5.493224074720670647e-01
5.493355010474860745e-01
5.493359241428346085e-01
5.509503753491620248e-01
5.507474249301675950e-01
5.517261696927374670e-01
5.515745024441340849e-01
5.515232192737430372e-01
5.518658344972067198e-01
5.506470408519552606e-01
5.517643592877095049e-01
5.514719361033519895e-01
5.515894941951031694e-01
5.537862255586591953e-01
5.533606843575419321e-01
5.529231407122905395e-01
5.538713337988826479e-01
5.531217266061452253e-01
5.529667859636872018e-01
5.536378317039105657e-01
5.548468051675977675e-01
5.535178072625698276e-01
5.535803648482151562e-01
5.551916026536313220e-01
5.553792772346368700e-01
5.551872381284915781e-01
5.558713774441340627e-01
5.549886522346368922e-01
5.556389664804469719e-01
5.548424406424581345e-01
5.567486469972067198e-01
5.550028369413407825e-01
5.559652846000618931e-01
5.570618016759776303e-01
5.573749563547486519e-01
5.564965956703911143e-01
5.569766934357541777e-01
5.567148219273743148e-01
5.571796438547486074e-01
5.573400401536312554e-01
5.581867580307262600e-01
5.575779067737429706e-01
5.576142118203873954e-01
5.592287884078211979e-01
5.577372119413407381e-01
5.581605708798882404e-01
5.578092266061452920e-01
5.582347678072625552e-01
5.584082576815642129e-01
5.588916288407821398e-01
5.582609549581005748e-01
5.582784130586592175e-01
5.592805075960290973e-01
